24301230810037177
24301230820036506
24301230810037408
24301230820041378
24301230820036320
24301230810037714
24301230810037890
24301230820036640
24301230810037496
24301230810040241
24301230810038666
24301230810038266
24301230820036438
24301230810037347
24301230810038652
24301230810040254
24301230820036426
24301230810037351
24301230810039418
24301230810037166
24301230810038456
24301230810037998
24301230810037509
24301230810038518
24301230810037188
24301230820036650
24301230820036511
24301230820036783
24301230820036906
24301230820036290
24301230810038299
24301230820037348
24301230810038669
24301230820036301
24301230810037323
24301230820036460
24301230820036572
24301230810038074
24301230810046545
24301230810037252
24301230810037540
24301230810039331
24301230810037758
24301230810037464
24301230810039055
24301230810037327
24301230810039835
24301230820036663
24301230810037538
24301230810038536
24301230810038590
24301230820037270
24301230810038178
24301230810037391
24301230820036275
24301230820043658
24301230810037831
24301230810038075
24301230820036427
24301230810039164
24301230810037886
24301230810037333
24301230810037545
24301230820036813
24301230810038043
24301230810037529
24301230810037746
24301230810038188
24301230810037917
24301230810038161
24301230820036437
24301230810038535
24301230810037557
24301230810038094
24301230820037489
24301230810037366
24301230810038717
24301230810037324
24301230810037799
24301230810037262
24301230810038480
24301230820037602
24301230810040111
24301230820036526
24301230810037566
24301230810037828
24301230810037330
24301230820036502
24301230810037728
24301230810037643
24301230820036907
24301230810038684
24301230810037295
24301230810040228
24301230810037609
24301230810037747
24301230820036378
24301230810037626
24301230820036903
24301230810037389
24301230820037027
24301230810038287
24301230810037743
24301230810039288
24301230810048129
24301230810037406
24301230810037494
24301230820036284
24301230810038134
24301230820036665
24301230810037665
24301230810039873
24301230810038044
24301230810037957
24301230810037910
24301230810037358
24301230810037349
24301230810039229
24301230820036487
24301230820036559
24301230810037650
24301230810048100
24301230810037261
24301230820036556
24301230810038938
24301230810037645
24301230810037651
24301230810037825
24301230820036332
24301230820036336
24301230820040508
24301230810037625
24301230810037683
24301230810039192
24301230810037702
24301230810052353
24301230810038626
24301230810037561
24301230810037223
24301230810037485
24301230810037949
24301230810037547
24301230810037255
24301230810037599
24301230820036456
24301230810037311
24301230810039911
24301230820036578
24301230810037987
24301230810038106
24301230820036451
24301230810037493
24301230810037186
24301230810038302
24301230810037178
24301230810039056
24301230810039882
24301230820036499
24301230810037605
24301230820036291
24301230810037197
24301230810048469
24301230820036403
24301230810039839
24301230820037209
24301230810037456
24301230810039225
24301230810038487
24301230810037739
24301230820036689
24301230810037564
24301230810037571
24301230810037841
24301230810037901
24301230810037646
24301230810038326
24301230810038102
24301230810038046
24301230820036418
24301230820037107
24301230820036542
24301230810038110
24301230810037708
24301230810037701
24301230810038507
24301230810038891
24301230810037254
24301230810037744
24301230810038132
24301230810046544
24301230810039877
24301230810038489
24301230810038321
24301230810048187
24301230820036761
24301230810037282
24301230810037745
24301230810037431
24301230810038484
24301230810037798
24301230810037354
24301230810037170
24301230810037664
24301230810038022
24301230810037448
24301230810048445
24301230810038823
24301230810037218
24301230810038497
24301230810039069
24301230810048292
24301230820036454
24301230810037462
24301230810038032
24301230810052352
24301230820041317
24301230810052365
24301230820036643
24301230820036346
24301230810039198
24301230820041496
24301230820036318
24301230810037208
24301230820036314
24301230810037171
24301230810037504
24301230820036717
24301230810037721
24301230810040300
24301230810038051
24301230810040375
24301230820041659
24301230810038790
24301230820043657
24301230810037832
24301230810038009
24301230810038452
24301230810037574
24301230810037280
24301230810037263
24301230820036342
24301230810037563
24301230810039171
24301230810037837
24301230810039173
24301230820036289
24301230820041518
24301230820036660
24301230810037250
24301230820036443
24301230810038127
24301230810038114
24301230810039866
24301230810037532
24301230820036738
24301230810037870
24301230810046543
24301230810038559
24301230810038619
24301230810037771
24301230810038060
24301230820040507
24301230810038506
24301230820041732
24301230810037993
24301230810038013
24301230810039036
24301230810037180
24301230810037251
24301230810039301
24301230810038514
24301230810038175
24301230810037480
24301230810037281
24301230820036295
24301230810037906
24301230820036335
24301230820036519
24301230810037176
24301230810038143
24301230810037246
24301230810038835
24301230820037084
24301230810038523
24301230810039760
24301230820036657
24301230810047853
24301230810037388
24301230810037215
24301230820036580
24301230810037562
24301230810037200
24301230820036985
24301230810037695
24301230810038284
24301230820037498
24301230810038014
24301230810046550
24301230810037502
24301230810037615
24301230810037775
24301230810037195
24301230810038350
24301230810037800
24301230810048286
24301230810038609
24301230810037603
24301230810037206
24301230810037430
24301230810037635
24301230810037296
24301230810037554
24301230820036444
24301230810038643
24301230810038596
24301230820036440
24301230820036396
24301230810037869
24301230820036496
24301230820036890
24301230810038023
24301230820036491
24301230820036391
24301230810038185
24301230810037682
24301230810040924
24301230810037602
24301230820036382
24301230810037977
24301230810037860
24301230810037304
24301230820036380
24301230810038000
24301230810039200
24301230810047171
24301230810048885
24301230810038111
24301230820036473
24301230810052370
24301230810048461
24301230810038332
24301230810037283
24301230810038602
24301230810037457
24301230810037578
24301230810047856
24301230810048459
24301230820036529
24301230810037716
24301230810038035
24301230810048866
24301230810037497
24301230820036677
24301230810038476
24301230810037212
24301230810037201
24301230820037119
24301230810038724
24301230820036983
24301230820036821
24301230810037314
24301230820036429
24301230810039060
24301230810040067
24301230810038691
24301230820036654
24301230820037257
24301230820036565
24301230810037454
24301230810047854
24301230820036308
24301230810038417
24301230810038069
24301230810040311
24301230810037398
24301230810039889
24301230820036641
24301230810038662
24301230810037189
24301230820036531
24301230810037410
24301230810039868
24301230820041746
24301230810037851
24301230820036524
24301230810039207
24301230810038960
24301230810037434
24301230810038198
24301230820036500
24301230810039448
24301230810037407
24301230820036455
24301230810037432
24301230820036310
24301230810038115
24301230820037044
24301230810037222
24301230820036758
24301230810037720
24301230810048413
24301230820036322
24301230810037606
24301230810037981
24301230810037881
24301230810046541
24301230810037259
24301230810047914
24301230810038552
24301230810038466
24301230810040342
24301230810037481
24301230810037620
24301230810038670
24301230810037501
24301230810037289
24301230810040220
24301230820036525
24301230810039876
24301230820036614
24301230810037213
24301230820036401
24301230810039821
24301230810048431
24301230820036457
24301230810039076
24301230820037501
24301230810048513
24301230810038184
24301230810037975
24301230820036584
24301230820036450
24301230810038312
24301230810037719
24301230810038434
24301230810037227
24301230810037278
24301230810037428
24301230810037956
24301230820036280
24301230810037514
24301230810037320
24301230820037122
24301230810037859
24301230810037308
24301230810037707
24301230810037808
24301230820036608
24301230810038360
24301230810037950
24301230820036925
24301230820036598
24301230810037888
24301230810041012
24301230810039881
24301230810037543
24301230810037614
24301230810038186
24301230810037984
24301230820036645
24301230810038039
24301230810038071
24301230820036579
24301230810037715
24301230810048001
24301230810037404
24301230810038125
24301230820036339
24301230810038193
24301230810038190
24301230810040293
24301230820037258
24301230820036432
24301230810039149
24301230810037817
24301230810037797
24301230810037846
24301230810037511
24301230810038025
24301230810037958
24301230810038150
24301230810037565
24301230810038780
24301230810037548
24301230810048102
24301230820036383
24301230810038042
24301230810037187
24301230810037510
24301230820036388
24301230810037865
24301230820036805
24301230810038080
24301230820037273
24301230810038100
24301230810037183
24301230810037536
24301230810048551
24301230810037175
24301230810037814
24301230810038181
24301230810037656
24301230810038711
24301230810037361
24301230820036392
24301230810038479
24301230810037553
24301230810038330
24301230810037794
24301230810037848
24301230810038247
24301230810037446
24301230810037966
24301230810037392
24301230810038659
24301230810048926
24301230810037963
24301230820036503
24301230820036411
24301230820041564
24301230820037578
24301230810037235
24301230810039084
24301230820036676
24301230820036305
24301230820036452
24301230810037688
24301230820036532
24301230810037570
24301230810037893
24301230820036515
24301230820037483
24301230820036533
24301230810048871
24301230810037337
24301230810048570
24301230810037390
24301230810037589
24301230810039458
24301230810037823
24301230820036333
24301230810037344
24301230810037576
24301230820036481
24301230820037507
24301230820036326
24301230820036671
24301230810037442
24301230810037416
24301230810037628
24301230810037181
24301230810038304
24301230810038135
24301230810046549
24301230810037265
24301230810039972
24301230810046291
24301230810038451
24301230820036545
24301230810038048
24301230810037940
24301230820040877
24301230810038675
24301230810039182
24301230820036386
24301230820036334
24301230810037179
24301230810037274
24301230820036319
24301230810037590
24301230820041373
24301230810037507
24301230810037991
24301230810040250
24301230820036302
24301230820036485
24301230810038083
24301230810037225
24301230810039145
24301230810040472
24301230820036989
24301230810039829
24301230810037806
24301230810048262
24301230810037341
24301230810038503
24301230820036398
24301230810037447
24301230810038270
24301230820038781
24301230810037657
24301230810037220
24301230810037257
24301230810048861
24301230810038145
24301230810039150
24301230810037420
24301230810039303
24301230810039214
24301230810039121
24301230810037325
24301230810037742
24301230810037830
24301230810039194
24301230810048430
24301230810037945
24301230810048449
24301230810039134
24301230810039913
24301230810037811
24301230810037534
24301230810040106
24301230810037969
24301230810037974
24301230810048746
24301230810037269
24301230810038155
24301230810037395
24301230810038187
24301230810038810
24301230810037813
24301230820041252
24301230810038275
24301230810039910
24301230820037482
24301230820037484
24301230820036490
24301230820036309
24301230810037520
24301230810038059
24301230820036483
24301230810038068
24301230810037277
24301230810037436
24301230810040306
24301230810037559
24301230810038029
24301230810038372
24301230820036279
24301230810038601
24301230810037782
24301230820036557
24301230810037911
24301230810038196
24301230820037260
24301230810040083
24301230810037237
24301230810037611
24301230810038088
24301230810040122
24301230810037413
24301230820036436
24301230810037551
24301230820036393
24301230810037202
24301230810047970
24301230820037490
24301230810037829
24301230810037753
24301230810037473
24301230810038957
24301230810037844
24301230810038050
24301230820036475
24301230810037518
24301230810038869
24301230810037560
24301230810039909
24301230810037258
24301230810037597
24301230810038806
24301230810037264
24301230810037544
24301230810037198
24301230810039883
24301230810037226
24301230810038630
24301230810037471
24301230810038427
24301230810038560
24301230820036385
24301230810037353
24301230810039849
24301230810037168
24301230810048493
24301230820037477
24301230810038112
24301230810038133
24301230820036379
24301230810038504
24301230820036329
24301230810048853
24301230810037523
24301230810037624
24301230810037273
24301230810037632
24301230810038532
24301230810038919
24301230820036446
24301230810037774
24301230810037617
24301230810037439
24301230820036441
24301230810038020
24301230810037465
24301230820036897
24301230810037459
24301230810038033
24301230810040229
24301230810037461
24301230820036324
24301230820036278
24301230810037343
24301230810037600
24301230810037700
24301230810040032
24301230810052494
24301230810037313
24301230810037827
24301230820036753
24301230820037658
24301230810037270
24301230810037423
24301230810037192
24301230810040238
24301230810037160
24301230810038927
24301230810038154
24301230810037400
24301230810048479
24301230810038494
24301230820036561
24301230810038159
24301230810038520
24301230810037266
24301230810037587
24301230810037992
24301230810039261
24301230810048863
24301230810037238
24301230810039167
24301230810048563
24301230810037795
24301230810037402
24301230810038126
24301230810038169
24301230810037469
24301230810038076
24301230810040224
24301230810037577
24301230820036539
24301230820036296
24301230810037444
24301230810037697
24301230810037512
24301230810037466
24301230810038201
24301230820036417
24301230810048657
24301230810048559
24301230810040270
24301230810037619
24301230820036293
24301230810048120
24301230810037899
24301230810037387
24301230810037608
24301230820036653
24301230810037582
24301230810038584
24301230810037248
24301230820036512
24301230810037334
24301230810037622
24301230810040120
24301230810040245
24301230810038488
24301230810039100
24301230810037452
24301230810048488
24301230820036670
24301230810038306
24301230810038118
24301230820036780
24301230810038375
24301230810037718
24301230820041522
24301230820036466
24301230820036530
24301230810038899
24301230810037533
24301230810038214
24301230810039871
24301230820036600
24301230810038191
24301230810038082
24301230810037219
24301230810039021
24301230810037317
24301230810037422
24301230810052478
24301230810038788
24301230810037418
24301230820036781
24301230810039312
24301230810037470
24301230810038130
24301230810037840
24301230810037915
24301230810038685
24301230810052518
24301230820036467
24301230810037670
24301230810037558
24301230820036285
24301230810039020
24301230810037640
24301230810037249
24301230810037858
24301230810037437
24301230810037318
24301230810037450
24301230810039199
24301230810037216
24301230810038697
24301230810038018
24301230810038024
24301230820036400
24301230820036627
24301230810037228
24301230820037563
24301230810038322
24301230810038510
24301230810039237
24301230810038268
24301230820036703
24301230810037780
24301230810038281
24301230810038906
24301230810037331
24301230810038028
24301230820036658
24301230810039856
24301230810037267
24301230820036312
24301230810037194
24301230810037345
24301230820036835
24301230810037588
24301230810037294
24301230820036354
24301230810038414
24301230810038803
24301230820036274
24301230810037472
24301230820037504
24301230810037601
24301230810037484
24301230810038070
24301230810037483
24301230810037332
24301230810040284
24301230810037741
24301230820036746
24301230810039187
24301230810047848
24301230810037286
24301230810038064
24301230820036520
24301230820036763
24301230810037204
24301230810048201
24301230820036307
24301230810037329
24301230820036448
24301230820036414
24301230820036447
24301230810037854
24301230810037433
24301230810038290
24301230810037769
24301230810037224
24301230810037804
24301230810037417
24301230820036435
24301230810038174
24301230810040319
24301230820036303
24301230820036281
24301230820037345
24301230820036505
24301230810037190
24301230810052356
24301230810037247
24301230810039203
24301230810040337
24301230810037326
24301230810039270
24301230820036638
24301230810038436
24301230810037335
24301230810037766
24301230810037834
24301230820036389
24301230810037637
24301230810039879
24301230810037607
24301230820036652
24301230810037182
24301230810038192
24301230810038412
24301230810038147
24301230810038358
24301230810038052
24301230820036306
24301230810037245
24301230810037552
24301230810037891
24301230810037367
24301230810038608
24301230820036325
24301230810037522
24301230810037460
24301230810037954
24301230810037440
24301230810038171
24301230810038455
24301230810048465
24301230810037217
24301230810037184
24301230820036377
24301230820036338
24301230810037211
24301230820036704
24301230820036406
24301230810037847
24301230810047099
24301230810037300
24301230810038354
24301230820036947
24301230810037812
24301230810037298
24301230810037764
24301230810048265
24301230810038445
24301230820036961
24301230810037505
24301230810037584
24301230810037272
24301230810037810
24301230820036287
24301230810038124
24301230810038303
24301230820036470
24301230820036834
24301230810037421
24301230810037678
24301230820037030
24301230810037684
24301230810037961
24301230810048857
24301230810037567
24301230810038792
24301230810037629
24301230810037424
24301230810037415
24301230810039832
24301230810037737
24301230810048574
24301230810048594
24301230810048081
24301230810052371
24301230810037634
24301230810037662
24301230810038101
24301230810038098
24301230820036458
24301230820036743
24301230810037476
24301230810037598
24301230810038087
24301230810037230
24301230810037240
24301230810037362
24301230820036286
24301230810042748
24301230810038955
24301230810037663
24301230810037627
24301230810037403
24301230810038922
24301230810038058
24301230810048862
24301230810037659
24301230810038173
24301230810038635
24301230810037542
24301230810038491
24301230810038040
24301230810037164
24301230810039275
24301230820036486
24301230820036681
24301230820036885
24301230810037955
24301230810038629
24301230820036675
24301230810040438
24301230810038015
24301230810037487
24301230810040461
24301230820036930
24301230810037275
24301230810037733
24301230810038327
24301230810038212
24301230820037002
24301230810047904
24301230810037293
24301230810037352
24301230810037690
24301230810038183
24301230810037631
24301230820036994
24301230810038614
24301230810040257
24301230820036453
24301230810037666
24301230820036395
24301230810038141
24301230810038003
24301230810038490
24301230820036495
24301230810037412
24301230810038166
24301230820036501
24301230810037268
24301230810039266
24301230810037592
24301230810037965
24301230810038802
24301230810038472
24301230810047997
24301230810037441
24301230810038699
24301230810037653
24301230810037241
24301230820036568
24301230810037492
24301230810040102
24301230810037660
24301230810038947
24301230820036642
24301230810038508
24301230810038786
24301230810048181
24301230820036773
24301230810037244
24301230810037573
24301230810037506
24301230810038889
24301230820036356
24301230810038819
24301230820037583
24301230810039886
24301230810039424
24301230810048477
24301230810038465
24301230810038818
24301230810037357
24301230810037717
24301230810040287
24301230810052477
24301230820036478
24301230810037705
24301230810037468
24301230820041492
24301230820036297
24301230810037871
24301230810038319
24301230810037411
24301230820036442
24301230810037978
24301230810037350
24301230810037642
24301230810037693
24301230810037863
24301230820036527
24301230820037046
24301230810038822
24301230810037193
24301230820043679
24301230810037824
24301230810038366
24301230810037409
24301230810038663
24301230810037449
24301230820036669
24301230810038286
24301230810040231
24301230810038105
24301230810039281
24301230810038091
24301230810037586
24301230810037756
24301230820037042
24301230810037803
24301230810037802
24301230810037691
24301230810037649
24301230810037838
24301230820036776
24301230810048496
24301230810047102
24301230820036384
24301230810037474
24301230810037312
24301230820036423
24301230810048512
24301230820037145
24301230810037425
24301230820036567
24301230810037902
24301230810037443
24301230810037285
24301230810052500
24301230810044716
24301230820037527
24301230810052502
24301230810042756
24301230810039912
